centroids <-
structure(c(-0.0219342663113843, -0.119978165414396, -0.0452538163504384, 
-0.0353572990454119, -0.356495319261928, -0.334451909149259, 
0.0629214814776082, 0.0731990134433994, -0.0150734181801426, 
-0.0509961151452891, -0.112392444371295, -0.504057770254023, 
-0.00386136823002366, 0.15925302280866, 0.0406299936542086, 0.25117917217605, 
0.473117107448635, 0.461622169242468, -0.0488594132247156, -0.00406325686893653, 
0.0448747766952071, 0.181750702676482, 0.259879294075566, 0.708096955428682, 
0.00122281529784223, -0.0455980034794048, 0.00934453715956027, 
0.180156882876776, -0.0655234799767008, 0.433340570307839, 0.032073053257048, 
-0.0138650063496313, 0.00178968349974141, -0.0266978146912368, 
0.0408212553391552, 0.132239891112365, -0.0791848916159174, -0.0628266344223133, 
-0.0367007398361111, 0.0123076536851947, -0.0364850094783119, 
-0.0893464692059414, 0.0404605693064085, 0.0286361631382221, 
-0.0196723973299336, -0.200271415184776, -0.206925526913152, 
-0.731431628406293, -0.0486924951589435, -0.00295699532953809, 
-0.0160016550237444, 0.086042646028263, 0.133759054821508, 0.243127190054019, 
-0.0037840446313852, 0.0959363425012163, 0.0302357042709597, 
0.172307224667526, 0.335491149976705, 0.381022754626526, -0.00330996510049798, 
0.00222461470094655, -0.00642930009714119, 0.0294519664390738, 
-0.0259936321592001, 0.101191251805131, 0.0186667886744065, 0.0235213630270737, 
0.00423581075426719, 0.0168490559552528, 0.0182441427774341, 
-0.0909847216729694, 0.00195415460827361, 0.103657498619771, 
0.0408670544720627, 0.157789455397844, 0.34447904383302, 0.471022921786083, 
0.0109307224092574, -0.0028725270131715, -0.00145798180365189, 
-0.0674339645802653, -0.00833154962165353, -0.122015768188042, 
0.00729774590782533, 0.0111369665143258, -0.00614561016712481, 
0.0416421275903808, -0.0573449172301528, 0.0537008297581757, 
0.00905609012126665, -0.00688317239482762, 0.0062285745760293, 
-0.0137248513511619, 0.0593927298982669, 0.0644529246620864, 
0.00479852507053363, 0.0415962724381939, 0.0158091851133159, 
0.0309714946381915, -0.031189292348792, 0.0598461147832626, 0.0635628699022937, 
0.047236598265405, -0.0165547958705137, -0.123314406929963, -0.182468967237855, 
-0.624842370792453, 0.0278517164634647, 0.015540973077299, -0.0194582962101338, 
-0.0192151060963049, -0.181294916566272, -0.419664522272624, 
0.0354041732477408, 0.0367245093878332, 0.00917760114423366, 
-0.0772833093743995, -0.132888331983386, -0.260141257028684, 
0.0212039171331644, 0.0223156754062269, 0.00964844127243664, 
-0.0429258575209736, 0.115778875755238, -0.0187564874353675, 
0.0252302267175935, 0.0397833910468449, 0.0229992031925728, -0.0463201549273931, 
0.102774584627149, -0.0201046276007454, -0.0552859100752874, 
-0.0174379957740121, 0.00712920428488511, 0.0773039937683489, 
0.0887682080891904, 0.229046407361354, 0.00582891648752413, 0.124349307736741, 
0.0369832622569057, 0.178256897536228, 0.384848729506482, 0.515293324424269, 
0.00749652928636069, -0.0277025100832951, -0.016640951202801, 
-0.152541827089416, -0.193969736697275, -0.680520083676935, 0.0218035437271364, 
-0.107853138326824, -0.0352258355421958, -0.176094958655639, 
-0.380871891997111, -0.638005936014662, 0.0211044057707962, -0.0956357994567331, 
-0.0369138160190496, -0.19014724609348, -0.354388973690347, -0.925402157989983, 
0.0076797034683998, 0.0163639476732168, -0.000486503518444505, 
0.0372170157350287, 0.0522509663225939, 0.135558461782006, -0.0150746469483324, 
-0.0317368659763381, -0.00647052915413632, 0.0447932033586988, 
-0.101969189776675, -0.0892314997774003, 0.00705489810275976, 
0.00652202802089749, -0.00211038958059795, 0.00533208899659126, 
0.0213308587247421, -0.0158172601236456, 0.00532299907435128, 
0.00990992891600773, 0.0106119590700192, 0.0748597541778984, 
0.0210394322481929, 0.235294937213286, 0.0145816846349029, 0.0368453444960412, 
0.0137396213979317, -0.0396238254140122, 0.109752483501694, 0.0656459299888555, 
-0.00478738045676127, -0.0150524355168128, -0.00926084301173383, 
-0.0393466082530547, -0.0126006657866656, -0.0385744398980981, 
-0.0495729796015827, 0.00614049908622537, 0.0828573755073354, 
0.178549180076803, 0.30273785198354, 2.69407426781243, -0.0200877250376064, 
-0.0107798218286306, 0.0140502533280246, 0.0334964712968582, 
0.125188856185154, 0.307357913139695, -0.00653601107774142, 0.0665307622277271, 
0.00271766916308991, 0.0186808729391635, -0.0539828520202223, 
-0.237654695816592, 0.0295632580676237, 0.033187923560177, 0.00944048696780791, 
0.0323443358015873, 0.0843837185266791, -0.051611523386289, -0.000227896485601142, 
-0.00907514543398856, -0.0149699975086678, -0.0558088546109156, 
-0.0308007366373672, -0.274361882580853, 0.00969810226255362, 
0.0173627682793723, 0.0031230718138812, 0.119482963884927, 0.0595780452512226, 
0.313045327661993, 0.0132140079413043, -0.11595544161868, -0.0175302227238646, 
-0.198556202227407, -0.382318335143731, -0.513355597988239, 0.0315210227083066, 
-0.134331889531434, -0.027118282551951, -0.235553325506182, -0.407911749814576, 
-0.531104522884853, 0.0594374017778335, 0.0259294417724207, 0.0104129684575876, 
-0.16155311105637, -0.117092101861048, -0.272194006387753, 0.00285888999245891, 
0.00912568281842051, 0.0373628058401851, 0.0656067318384986, 
0.0583555074191111, -1.80897944442848, 0.0119672011829794, 0.010133888494209, 
0.00263291792132595, -0.0122391621104709, -0.0433302173259288, 
-2.01280335000371), .Dim = c(6L, 44L))
